198
MH607891_WAR_2014-08-26          0.0000000 0.0007021 0.0006948 0.0007469 0.0006947 0.0005813 0.0005813 0.0008461 0.0002644 0.0006353 0.0006344 0.0007392 0.0005279 0.0007946 0.0007392 0.0006864 0.0004758 0.0006336 0.0007416 0.0006344 0.0005330 0.0005290 0.0004770 0.0004761 0.0004761 0.0004751 0.0004758 0.0004767 0.0005819 0.0005818 0.0005819 0.0004758 0.0006343 0.0007393 0.0005279 0.0006347 0.0007938 0.0005279 0.0007937 0.0008448 0.0008138 0.0004752 0.0005279 0.0005279 0.0005281 0.0005299 0.0004751 0.0005307 0.0004236 0.0005283 0.0004751 0.0004788 0.0006344 0.0005807 0.0004763 0.0005280 0.0005290 0.0006355 0.0005813 0.0004786 0.0005294 0.0005290 0.0004771 0.0005809 0.0005286 0.0004786 0.0005287 0.0005298 0.0005313 0.0006345 0.0004760 0.0005321 0.0006357 0.0005808 0.0005298 0.0005286 0.0005304 0.0005279 0.0005807 0.0004223 0.0005284 0.0005300 0.0004753 0.0006336 0.0004231 0.0004753 0.0005300 0.0005807 0.0004223 0.0004802 0.0004230 0.0005279 0.0004249 0.0004757 0.0005290 0.0004873 0.0004263 0.0004972 0.0004759 0.0004226 0.0004783 0.0004754 0.0005345 0.0005833 0.0004759 0.0006155 0.0005453 0.0005284 0.0004763 0.0005286 0.0006880 0.0004251 0.0005810 0.0006878 0.0005952 0.0004756 0.0004757 0.0004763 0.0005288 0.0004756 0.0005819 0.0006338 0.0004228 0.0004758 0.0005839 0.0005813 0.0005816 0.0007407 0.0005833 0.0005816 0.0004875 0.0006360 0.0005312 0.0005813 0.0004229 0.0005812 0.0006338 0.0006335 0.0005808 0.0005882 0.0007012 0.0007942 0.0006335 0.0006348 0.0005844 0.0004757 0.0006336 0.0004838 0.0006036 0.0008393 0.0007920 0.0006046 0.0005288 0.0004414 0.0005428 0.0005419 0.0005818 0.0006381 0.0005849 0.0005839 0.0005839 0.0002172 0.0006890 0.0005816 0.0005300 0.0005287 0.0005991 0.0006394 0.0007425 0.0005319 0.0005819 0.0005823 0.0005814 0.0006361 0.0005847 0.0003714 0.0004802 0.0005807 0.0005811 0.0005290 0.0010564 0.0006880 0.0006864 0.0004233 0.0005325 0.0005290 0.0007949 0.0006351 0.0005825 0.0006376 0.0007553 0.0002147 0.0006872 0.0006991 0.0007404 0.0006878 0.0005885 0.0004751 
MH607892_WAR_2014-08-26          0.0007021 0.0000000 0.0005400 0.0005940 0.0005405 0.0004320 0.0004320 0.0007021 0.0004320 0.0004860 0.0004860 0.0005940 0.0003780 0.0005940 0.0005940 0.0005400 0.0003240 0.0004860 0.0005947 0.0004860 0.0003784 0.0003780 0.0003240 0.0003240 0.0003240 0.0003240 0.0003240 0.0003240 0.0004320 0.0004320 0.0004320 0.0003240 0.0004860 0.0005940 0.0003780 0.0004860 0.0006481 0.0003780 0.0006481 0.0007021 0.0006605 0.0003240 0.0003780 0.0003780 0.0003780 0.0003780 0.0003240 0.0003780 0.0002700 0.0003780 0.0003240 0.0003240 0.0004860 0.0004320 0.0003240 0.0003780 0.0003780 0.0004860 0.0004320 0.0003240 0.0003780 0.0003780 0.0003240 0.0004320 0.0003780 0.0003240 0.0003780 0.0003780 0.0003780 0.0004860 0.0003240 0.0003781 0.0004860 0.0004320 0.0003780 0.0003780 0.0003780 0.0003780 0.0004320 0.0002700 0.0003780 0.0003780 0.0003240 0.0004860 0.0002700 0.0003240 0.0003780 0.0004320 0.0002700 0.0003240 0.0002700 0.0003780 0.0002700 0.0003240 0.0003780 0.0003317 0.0002718 0.0003938 0.0003240 0.0002700 0.0002700 0.0003240 0.0003808 0.0004320 0.0003240 0.0004521 0.0003891 0.0003780 0.0003242 0.0003780 0.0005400 0.0002714 0.0004320 0.0005400 0.0004374 0.0003240 0.0003240 0.0003240 0.0003780 0.0003240 0.0004320 0.0004860 0.0002700 0.0003240 0.0004334 0.0004320 0.0004320 0.0005940 0.0004323 0.0004320 0.0003300 0.0004860 0.0003781 0.0004320 0.0002700 0.0004320 0.0004860 0.0004860 0.0004320 0.0004345 0.0005477 0.0006483 0.0004860 0.0004860 0.0004326 0.0003240 0.0004860 0.0002740 0.0004487 0.0006836 0.0006481 0.0004490 0.0003240 0.0002811 0.0003331 0.0003852 0.0004320 0.0004871 0.0004321 0.0004329 0.0004320 0.0004995 0.0005400 0.0004320 0.0003786 0.0003780 0.0004441 0.0004870 0.0000540 0.0003802 0.0004320 0.0004323 0.0004320 0.0004880 0.0004322 0.0005400 0.0003265 0.0004320 0.0004320 0.0003780 0.0009182 0.0005400 0.0005400 0.0005940 0.0003807 0.0008102 0.0006481 0.0004860 0.0004320 0.0004873 0.0006027 0.0004933 0.0000010 0.0000010 0.0000540 0.0005408 0.0004366 0.0003240 
MH607893_WAU_2014-08-26          0.0006948 0.0005400 0.0000000 0.0005878 0.0001071 0.0003206 0.0004275 0.0005878 0.0004275 0.0003740 0.0004809 0.0004809 0.0002671 0.0004809 0.0004809 0.0004275 0.0003206 0.0003740 0.0004815 0.0003740 0.0002679 0.0002671 0.0002137 0.0002137 0.0002137 0.0002137 0.0002137 0.0002137 0.0003206 0.0003206 0.0003206 0.0002137 0.0003740 0.0004809 0.0002671 0.0003740 0.0005344 0.0002671 0.0005344 0.0005878 0.0005455 0.0002137 0.0002671 0.0002671 0.0002671 0.0002671 0.0002137 0.0002671 0.0002671 0.0002671 0.0002137 0.0002137 0.0003740 0.0003206 0.0002137 0.0002671 0.0002671 0.0003740 0.0003206 0.0002137 0.0002671 0.0002671 0.0002137 0.0003206 0.0002671 0.0002138 0.0002671 0.0002671 0.0002671 0.0003740 0.0002137 0.0002677 0.0003740 0.0003206 0.0002671 0.0002671 0.0002671 0.0002671 0.0003206 0.0002671 0.0002671 0.0002671 0.0003206 0.0003740 0.0002671 0.0002137 0.0002671 0.0003206 0.0002671 0.0002140 0.0002671 0.0002671 0.0002671 0.0002137 0.0002671 0.0002188 0.0002690 0.0003345 0.0003206 0.0002671 0.0002674 0.0002137 0.0002696 0.0003208 0.0002137 0.0003922 0.0002751 0.0003740 0.0002139 0.0002671 0.0004275 0.0002148 0.0003206 0.0004275 0.0003251 0.0002137 0.0002137 0.0002137 0.0002671 0.0002137 0.0004275 0.0004809 0.0002671 0.0002137 0.0003216 0.0003206 0.0004275 0.0004809 0.0003209 0.0004275 0.0002180 0.0004812 0.0002673 0.0003206 0.0002671 0.0003206 0.0003740 0.0003740 0.0003206 0.0003230 0.0004335 0.0005346 0.0003740 0.0003740 0.0003215 0.0003206 0.0004809 0.0002711 0.0003329 0.0005633 0.0005344 0.0003886 0.0003206 0.0002781 0.0003845 0.0002727 0.0004275 0.0004820 0.0003212 0.0003213 0.0004275 0.0004942 0.0005344 0.0004275 0.0003747 0.0002671 0.0004393 0.0003754 0.0005878 0.0003762 0.0003206 0.0003208 0.0003206 0.0003755 0.0003213 0.0005350 0.0003231 0.0003206 0.0003206 0.0003740 0.0008017 0.0005344 0.0005344 0.0005878 0.0003767 0.0008017 0.0005344 0.0003740 0.0004275 0.0004822 0.0004881 0.0004881 0.0005344 0.0005432 0.0005879 0.0001070 0.0004320 0.0003206 
MH607894_Tonkolili_2014-08-26    0.0007469 0.0005940 0.0005878 0.0000000 0.0005890 0.0004801 0.0004801 0.0007469 0.0004801 0.0005334 0.0005334 0.0006401 0.0004267 0.0006401 0.0006401 0.0005868 0.0003733 0.0005334 0.0006409 0.0005334 0.0004285 0.0004267 0.0003734 0.0003733 0.0003733 0.0003733 0.0003733 0.0003733 0.0004801 0.0004801 0.0004801 0.0003733 0.0005334 0.0006401 0.0004267 0.0005334 0.0006936 0.0004267 0.0006935 0.0007469 0.0006544 0.0003733 0.0004267 0.0004267 0.0004267 0.0004267 0.0003733 0.0004269 0.0003200 0.0004267 0.0003733 0.0003734 0.0005334 0.0004801 0.0003735 0.0004267 0.0004267 0.0005334 0.0004801 0.0003734 0.0004267 0.0004267 0.0003734 0.0004801 0.0004267 0.0003740 0.0004267 0.0004267 0.0004268 0.0005334 0.0003733 0.0004281 0.0005334 0.0004801 0.0004267 0.0004267 0.0004267 0.0004267 0.0004801 0.0003200 0.0004267 0.0004267 0.0003733 0.0005334 0.0003200 0.0003733 0.0004267 0.0004801 0.0003200 0.0003743 0.0003200 0.0004267 0.0003200 0.0003733 0.0004267 0.0003822 0.0003222 0.0003900 0.0003733 0.0003200 0.0003207 0.0003734 0.0003773 0.0004810 0.0003733 0.0005040 0.0003849 0.0004267 0.0003736 0.0004267 0.0005869 0.0003217 0.0004801 0.0005868 0.0004333 0.0003733 0.0003733 0.0003733 0.0004267 0.0003733 0.0004801 0.0005334 0.0003200 0.0003733 0.0004817 0.0004801 0.0001600 0.0006401 0.0004812 0.0001600 0.0003813 0.0005343 0.0004275 0.0004801 0.0003200 0.0004801 0.0005334 0.0005334 0.0004801 0.0004843 0.0005952 0.0006940 0.0005334 0.0005334 0.0004821 0.0003733 0.0002133 0.0003250 0.0004984 0.0006760 0.0006935 0.0004989 0.0002667 0.0003331 0.0004386 0.0003816 0.0004801 0.0001070 0.0004816 0.0004817 0.0004805 0.0005481 0.0005868 0.0004801 0.0004275 0.0004267 0.0004385 0.0005360 0.0006403 0.0004291 0.0004801 0.0004804 0.0004801 0.0005356 0.0004817 0.0005882 0.0003227 0.0004801 0.0004801 0.0004267 0.0009604 0.0000533 0.0000533 0.0006403 0.0003761 0.0008536 0.0006944 0.0005336 0.0004805 0.0002141 0.0005963 0.0004873 0.0005868 0.0005423 0.0006402 0.0005876 0.0004855 0.0003733 
MH607895_WAU_2014-08-26          0.0006947 0.0005405 0.0001071 0.0005890 0.0000000 0.0003206 0.0004274 0.0005878 0.0004274 0.0003740 0.0004809 0.0004809 0.0002671 0.0004809 0.0004809 0.0004274 0.0003206 0.0003740 0.0004815 0.0003740 0.0002672 0.0002671 0.0002137 0.0002137 0.0002137 0.0002137 0.0002137 0.0002137 0.0003206 0.0003206 0.0003206 0.0002137 0.0003740 0.0004809 0.0002671 0.0003740 0.0005343 0.0002671 0.0005343 0.0005878 0.0005442 0.0002137 0.0002671 0.0002671 0.0002671 0.0002671 0.0002137 0.0002671 0.0002671 0.0002671 0.0002137 0.0002137 0.0003740 0.0003206 0.0002137 0.0002671 0.0002671 0.0003740 0.0003206 0.0002137 0.0002671 0.0002671 0.0002137 0.0003206 0.0002671 0.0002137 0.0002671 0.0002671 0.0002671 0.0003740 0.0002137 0.0002671 0.0003740 0.0003206 0.0002671 0.0002671 0.0002671 0.0002671 0.0003206 0.0002671 0.0002671 0.0002671 0.0003206 0.0003740 0.0002671 0.0002137 0.0002671 0.0003206 0.0002671 0.0002137 0.0002671 0.0002671 0.0002671 0.0002137 0.0002671 0.0002188 0.0002690 0.0003336 0.0003206 0.0002671 0.0002672 0.0002137 0.0002690 0.0003206 0.0002137 0.0003916 0.0002749 0.0003740 0.0002139 0.0002671 0.0004274 0.0002148 0.0003206 0.0004274 0.0003248 0.0002137 0.0002137 0.0002137 0.0002671 0.0002137 0.0004274 0.0004809 0.0002671 0.0002137 0.0003216 0.0003206 0.0004274 0.0004809 0.0003208 0.0004274 0.0002174 0.0004809 0.0002672 0.0003206 0.0002671 0.0003206 0.0003740 0.0003740 0.0003206 0.0003224 0.0004335 0.0005345 0.0003740 0.0003740 0.0003208 0.0003206 0.0004809 0.0002711 0.0003328 0.0005633 0.0005343 0.0003886 0.0003206 0.0002781 0.0003845 0.0002722 0.0004274 0.0004820 0.0003206 0.0003212 0.0004274 0.0004941 0.0005343 0.0004274 0.0003746 0.0002671 0.0004393 0.0003744 0.0005878 0.0003762 0.0003206 0.0003208 0.0003206 0.0003755 0.0003206 0.0005343 0.0003230 0.0003206 0.0003206 0.0003740 0.0008017 0.0005343 0.0005343 0.0005878 0.0003767 0.0008017 0.0005344 0.0003740 0.0004275 0.0004822 0.0004878 0.0004880 0.0005343 0.0005432 0.0005879 0.0001070 0.0004320 0.0003206 
KR653251_Kenema_2014-08-22       0.0005813 0.0004320 0.0003206 0.0004801 0.0003206 0.0000000 0.0003170 0.0003701 0.0003173 0.0002647 0.0003700 0.0003699 0.0001585 0.0004237 0.0003699 0.0003170 0.0002114 0.0000528 0.0003707 0.0002642 0.0001599 0.0001587 0.0001060 0.0001058 0.0001058 0.0001057 0.0001057 0.0001059 0.0002115 0.0002117 0.0002115 0.0001057 0.0002642 0.0003699 0.0001585 0.0002644 0.0004232 0.0001585 0.0004232 0.0004756 0.0004339 0.0001057 0.0001585 0.0001585 0.0001585 0.0001589 0.0001057 0.0001592 0.0001588 0.0001585 0.0001057 0.0001064 0.0002643 0.0002113 0.0001058 0.0001585 0.0001587 0.0002647 0.0002113 0.0001063 0.0001588 0.0001587 0.0001060 0.0002113 0.0001585 0.0001063 0.0001586 0.0001589 0.0001593 0.0002643 0.0001059 0.0001596 0.0002648 0.0002113 0.0001589 0.0001585 0.0001591 0.0001585 0.0002113 0.0001585 0.0001585 0.0001589 0.0002113 0.0002642 0.0001588 0.0001057 0.0001589 0.0002113 0.0001585 0.0001067 0.0001586 0.0000528 0.0001593 0.0001057 0.0001587 0.0001083 0.0001598 0.0002209 0.0002115 0.0001585 0.0002126 0.0001057 0.0001603 0.0002121 0.0001057 0.0002797 0.0001635 0.0002642 0.0001058 0.0001585 0.0003174 0.0001062 0.0002113 0.0003174 0.0002164 0.0001057 0.0001057 0.0001058 0.0001586 0.0001057 0.0003173 0.0003699 0.0001585 0.0001057 0.0000010 0.0001057 0.0003172 0.0002645 0.0001060 0.0003172 0.0001083 0.0003709 0.0001593 0.0001057 0.0001585 0.0002113 0.0000528 0.0000528 0.0002113 0.0001069 0.0002157 0.0003176 0.0002642 0.0002644 0.0001062 0.0002114 0.0003699 0.0002150 0.0002195 0.0004468 0.0004227 0.0002748 0.0002644 0.0001655 0.0002715 0.0001083 0.0003173 0.0003722 0.0001063 0.0001061 0.0003184 0.0003801 0.0004239 0.0003172 0.0002649 0.0001586 0.0001089 0.0000533 0.0004772 0.0002659 0.0000010 0.0000010 0.0000010 0.0000530 0.0000010 0.0004244 0.0002134 0.0000010 0.0000010 0.0002645 0.0006871 0.0004233 0.0004227 0.0004762 0.0002662 0.0006878 0.0004238 0.0002645 0.0003176 0.0003719 0.0003776 0.0003759 0.0004228 0.0004302 0.0004759 0.0003175 0.0003210 0.0002113 
KR653252_PortLoko_2014-08-20     0.0005813 0.0004320 0.0004275 0.0004801 0.0004274 0.0003170 0.0000000 0.0005816 0.0003173 0.0003705 0.0003700 0.0004756 0.0002642 0.0005297 0.0004756 0.0004227 0.0002114 0.0003699 0.0004766 0.0003700 0.0002664 0.0002644 0.0002120 0.0002115 0.0002115 0.0002113 0.0002114 0.0002118 0.0003173 0.0003176 0.0003173 0.0002114 0.0003700 0.0004756 0.0002642 0.0003702 0.0005291 0.0002642 0.0005291 0.0005813 0.0005425 0.0002113 0.0002642 0.0002642 0.0002642 0.0002649 0.0002113 0.0002653 0.0001588 0.0002642 0.0002113 0.0002128 0.0003700 0.0003170 0.0002117 0.0002642 0.0002644 0.0003707 0.0003170 0.0002127 0.0002647 0.0002644 0.0002120 0.0003170 0.0002643 0.0002127 0.0002643 0.0002648 0.0002656 0.0003701 0.0002117 0.0002660 0.0003707 0.0003170 0.0002649 0.0002643 0.0002651 0.0002642 0.0003170 0.0001585 0.0002642 0.0002649 0.0002113 0.0003699 0.0001588 0.0002113 0.0002649 0.0003170 0.0001585 0.0002134 0.0001586 0.0002642 0.0001593 0.0002114 0.0002645 0.0002165 0.0001598 0.0002762 0.0002115 0.0001585 0.0002126 0.0002113 0.0002672 0.0003181 0.0002115 0.0003916 0.0002726 0.0002642 0.0002116 0.0002642 0.0004233 0.0001594 0.0003170 0.0004232 0.0003246 0.0002113 0.0002114 0.0002117 0.0002643 0.0002113 0.0003173 0.0003699 0.0001585 0.0002114 0.0003185 0.0003170 0.0003172 0.0004761 0.0003181 0.0003172 0.0002166 0.0003709 0.0002656 0.0003170 0.0001585 0.0003170 0.0003699 0.0003699 0.0003170 0.0003208 0.0004315 0.0005294 0.0003699 0.0003702 0.0003187 0.0002114 0.0003699 0.0002150 0.0003293 0.0005586 0.0005284 0.0003297 0.0002644 0.0001655 0.0002715 0.0002709 0.0003173 0.0003722 0.0003190 0.0003185 0.0003184 0.0003801 0.0004239 0.0003172 0.0002649 0.0002643 0.0003267 0.0003729 0.0004772 0.0000532 0.0003174 0.0003176 0.0003171 0.0003714 0.0003189 0.0004244 0.0002134 0.0003170 0.0003170 0.0002645 0.0007928 0.0004233 0.0004227 0.0004762 0.0002662 0.0006878 0.0005298 0.0003704 0.0001059 0.0003719 0.0004855 0.0003759 0.0004228 0.0004302 0.0004759 0.0004233 0.0003210 0.0002113 
KR653267_Tonkolili_2014-08-23    0.0008461 0.0007021 0.0005878 0.0007469 0.0005878 0.0003701 0.0005816 0.0000000 0.0005817 0.0005294 0.0006345 0.0006345 0.0004230 0.0006359 0.0006345 0.0005816 0.0004758 0.0004230 0.0006356 0.0005287 0.0004264 0.0004232 0.0003710 0.0003702 0.0003702 0.0003701 0.0003701 0.0003707 0.0004761 0.0004767 0.0004761 0.0003701 0.0005287 0.0006345 0.0004230 0.0005290 0.0006879 0.0004230 0.0006879 0.0007403 0.0007053 0.0003701 0.0004230 0.0004230 0.0004230 0.0004239 0.0003701 0.0004245 0.0004237 0.0004230 0.0003701 0.0003724 0.0005287 0.0004758 0.0003705 0.0004230 0.0004232 0.0005297 0.0004758 0.0003722 0.0004237 0.0004232 0.0003711 0.0004758 0.0004230 0.0003722 0.0004230 0.0004238 0.0004250 0.0005287 0.0003708 0.0004257 0.0005297 0.0004758 0.0004240 0.0004230 0.0004243 0.0004230 0.0004758 0.0004230 0.0004230 0.0004239 0.0004758 0.0005287 0.0004237 0.0003701 0.0004239 0.0004758 0.0004230 0.0003734 0.0004230 0.0003172 0.0004249 0.0003701 0.0004232 0.0003789 0.0004263 0.0004972 0.0004759 0.0004230 0.0004783 0.0003701 0.0004276 0.0004772 0.0003701 0.0005595 0.0004362 0.0005287 0.0003704 0.0004230 0.0005821 0.0003720 0.0004758 0.0005819 0.0004869 0.0003701 0.0003701 0.0003704 0.0004230 0.0003701 0.0005819 0.0006345 0.0004230 0.0003701 0.0003715 0.0003701 0.0005816 0.0005290 0.0003712 0.0005816 0.0003791 0.0006360 0.0004250 0.0002643 0.0004230 0.0004758 0.0004230 0.0004230 0.0004758 0.0003742 0.0001078 0.0005823 0.0005287 0.0005290 0.0003719 0.0004758 0.0006345 0.0004838 0.0004942 0.0007273 0.0006874 0.0005496 0.0005288 0.0004414 0.0005434 0.0003793 0.0005818 0.0006381 0.0003722 0.0003715 0.0005839 0.0006518 0.0006890 0.0005816 0.0005300 0.0004230 0.0004902 0.0004262 0.0007425 0.0005319 0.0003703 0.0003705 0.0003701 0.0004247 0.0003721 0.0006898 0.0004802 0.0003701 0.0003701 0.0005290 0.0009520 0.0006880 0.0006874 0.0007409 0.0005325 0.0009525 0.0006888 0.0005292 0.0005825 0.0006376 0.0001079 0.0006444 0.0006874 0.0006991 0.0007404 0.0005824 0.0005885 0.0004758 
KR653239_WesternRural_2014-08-22 0.0002644 0.0004320 0.0004275 0.0004801 0.0004274 0.0003173 0.0003173 0.0005817 0.0000000 0.0003705 0.0003701 0.0004759 0.0002644 0.0004770 0.0004759 0.0004230 0.0002115 0.0003702 0.0004766 0.0003701 0.0002664 0.0002644 0.0002120 0.0002115 0.0002115 0.0002115 0.0002115 0.0002119 0.0003173 0.0003178 0.0003173 0.0002115 0.0003701 0.0004759 0.0002644 0.0003704 0.0005291 0.0002644 0.0005292 0.0005817 0.0005425 0.0002115 0.0002644 0.0002644 0.0002644 0.0002649 0.0002115 0.0002653 0.0001589 0.0002644 0.0002115 0.0002128 0.0003701 0.0003173 0.0002117 0.0002644 0.0002644 0.0003708 0.0003173 0.0002127 0.0002648 0.0002644 0.0002120 0.0003173 0.0002644 0.0002127 0.0002644 0.0002648 0.0002656 0.0003701 0.0002119 0.0002660 0.0003708 0.0003173 0.0002650 0.0002644 0.0002651 0.0002644 0.0003173 0.0001586 0.0002644 0.0002649 0.0002115 0.0003701 0.0001589 0.0002115 0.0002649 0.0003173 0.0001586 0.0002134 0.0001586 0.0002644 0.0001593 0.0002115 0.0002645 0.0002165 0.0001598 0.0002762 0.0002115 0.0001586 0.0002126 0.0002115 0.0002672 0.0003181 0.0002115 0.0003356 0.0002726 0.0002644 0.0002116 0.0002644 0.0004233 0.0001594 0.0003173 0.0004232 0.0003246 0.0002115 0.0002115 0.0002117 0.0002644 0.0002115 0.0003173 0.0003701 0.0001586 0.0002115 0.0003185 0.0003173 0.0003173 0.0004761 0.0003181 0.0003173 0.0002166 0.0003709 0.0002656 0.0003173 0.0001586 0.0003173 0.0003701 0.0003701 0.0003173 0.0003208 0.0004315 0.0005294 0.0003701 0.0003702 0.0003187 0.0002115 0.0003701 0.0002150 0.0003295 0.0005586 0.0005288 0.0003297 0.0002644 0.0001655 0.0002717 0.0002709 0.0003173 0.0003722 0.0003190 0.0003185 0.0003184 0.0000543 0.0004239 0.0003173 0.0002649 0.0002644 0.0003267 0.0003729 0.0004772 0.0002659 0.0003174 0.0003176 0.0003173 0.0003716 0.0003189 0.0001061 0.0002134 0.0003173 0.0003173 0.0002645 0.0007934 0.0004233 0.0004230 0.0001587 0.0002663 0.0003702 0.0005298 0.0003704 0.0003176 0.0003719 0.0004855 0.0000537 0.0004230 0.0004302 0.0004760 0.0004236 0.0003210 0.0002115 
KR653241_Pujehun_2014-08-24      0.0006353 0.0004860 0.0003740 0.0005334 0.0003740 0.0002647 0.0003705 0.0005294 0.0003705 0.0000000 0.0004235 0.0004235 0.0002117 0.0004241 0.0004235 0.0003705 0.0002647 0.0003176 0.0004240 0.0003176 0.0002131 0.0002117 0.0001590 0.0001588 0.0001588 0.0001588 0.0001588 0.0001589 0.0002647 0.0002649 0.0002647 0.0001588 0.0003176 0.0004235 0.0002117 0.0003176 0.0004765 0.0002117 0.0004764 0.0005294 0.0004882 0.0001588 0.0002117 0.0002117 0.0002117 0.0002119 0.0001588 0.0002122 0.0002119 0.0002117 0.0001588 0.0001596 0.0003176 0.0002647 0.0001589 0.0002117 0.0002117 0.0003179 0.0002647 0.0001595 0.0002119 0.0002117 0.0001590 0.0002647 0.0002117 0.0001595 0.0002117 0.0002119 0.0002125 0.0003176 0.0001590 0.0002128 0.0003179 0.0002647 0.0002121 0.0002117 0.0002121 0.0002117 0.0002647 0.0002117 0.0002117 0.0002119 0.0002647 0.0003176 0.0002119 0.0001588 0.0002119 0.0002647 0.0002117 0.0001600 0.0002117 0.0002117 0.0002124 0.0001588 0.0002117 0.0001625 0.0002132 0.0002764 0.0002647 0.0002117 0.0002657 0.0001588 0.0002139 0.0002652 0.0001588 0.0003356 0.0002182 0.0003176 0.0001589 0.0002117 0.0003706 0.0001596 0.0001588 0.0003705 0.0002705 0.0001588 0.0001588 0.0001588 0.0002117 0.0001588 0.0003705 0.0004235 0.0002117 0.0001588 0.0002656 0.0002647 0.0003705 0.0004235 0.0002653 0.0003705 0.0001625 0.0004243 0.0002124 0.0002647 0.0002117 0.0002647 0.0003176 0.0003176 0.0002647 0.0002673 0.0003775 0.0004768 0.0003176 0.0002117 0.0002658 0.0002647 0.0004235 0.0002688 0.0002747 0.0004470 0.0004764 0.0003300 0.0002647 0.0002207 0.0003264 0.0002167 0.0003705 0.0004253 0.0002658 0.0002656 0.0003715 0.0004350 0.0004769 0.0003705 0.0003182 0.0002117 0.0003812 0.0003196 0.0005303 0.0003194 0.0002647 0.0002648 0.0002647 0.0003189 0.0002657 0.0004777 0.0002669 0.0002647 0.0002647 0.0003176 0.0007413 0.0004766 0.0004764 0.0005296 0.0003199 0.0007413 0.0004771 0.0003177 0.0003709 0.0004250 0.0004315 0.0004299 0.0004764 0.0004843 0.0005295 0.0003711 0.0003747 0.0002647 
KR653227_Bombali_2014-08-26      0.0006344 0.0004860 0.0004809 0.0005334 0.0004809 0.0003700 0.0003700 0.0006345 0.0003701 0.0004235 0.0000000 0.0005286 0.0003171 0.0005828 0.0005286 0.0004757 0.0002643 0.0004229 0.0005296 0.0004229 0.0003197 0.0003173 0.0002650 0.0002644 0.0002644 0.0002643 0.0002643 0.0002648 0.0003702 0.0003707 0.0003702 0.0002643 0.0004229 0.0005286 0.0003171 0.0004231 0.0005820 0.0003171 0.0005820 0.0006344 0.0005967 0.0002643 0.0003171 0.0003171 0.0003171 0.0003179 0.0002643 0.0003184 0.0002118 0.0003171 0.0002643 0.0002660 0.0004229 0.0003700 0.0002646 0.0003171 0.0003173 0.0004236 0.0003700 0.0002658 0.0003177 0.0003173 0.0002650 0.0003700 0.0003171 0.0002658 0.0003172 0.0003178 0.0003187 0.0004230 0.0002648 0.0003192 0.0004237 0.0003700 0.0003179 0.0003171 0.0003182 0.0003171 0.0003700 0.0002114 0.0003171 0.0003179 0.0002643 0.0004229 0.0002118 0.0002643 0.0003179 0.0003700 0.0002114 0.0002667 0.0002114 0.0003171 0.0002124 0.0002643 0.0003174 0.0002707 0.0002131 0.0003314 0.0002644 0.0002114 0.0002657 0.0002643 0.0003207 0.0003711 0.0002644 0.0004476 0.0003271 0.0003171 0.0002646 0.0003171 0.0004762 0.0002125 0.0003700 0.0004761 0.0003787 0.0002643 0.0002643 0.0002646 0.0003172 0.0002643 0.0003702 0.0004229 0.0002114 0.0002643 0.0003715 0.0003700 0.0003701 0.0005290 0.0003712 0.0003701 0.0002708 0.0004239 0.0003187 0.0003700 0.0002114 0.0003700 0.0004229 0.0004229 0.0003700 0.0003742 0.0004854 0.0005823 0.0004229 0.0004231 0.0003719 0.0002643 0.0004229 0.0002687 0.0003843 0.0006145 0.0005815 0.0003847 0.0003173 0.0002207 0.0003259 0.0003251 0.0003702 0.0004253 0.0003722 0.0003715 0.0003715 0.0004344 0.0004769 0.0003701 0.0003179 0.0003172 0.0003812 0.0004262 0.0005303 0.0003191 0.0003703 0.0003705 0.0003700 0.0004246 0.0003721 0.0004775 0.0002667 0.0003700 0.0003700 0.0003174 0.0008460 0.0004762 0.0004757 0.0005292 0.0003195 0.0007407 0.0005828 0.0004233 0.0003706 0.0004250 0.0005394 0.0004296 0.0004757 0.0004839 0.0005288 0.0004764 0.0000535 0.0001585 
KR817227_Kailahun_2014-06-13     0.0007392 0.0005940 0.0004809 0.0006401 0.0004809 0.0003699 0.0004756 0.0006345 0.0004759 0.0004235 0.0005286 0.0000000 0.0002111 0.0000529 0.0000010 0.0003695 0.0003700 0.0004223 0.0000010 0.0003171 0.0002131 0.0003173 0.0002650 0.0002644 0.0002644 0.0002639 0.0002643 0.0002648 0.0003702 0.0002644 0.0002644 0.0002643 0.0003171 0.0000010 0.0002111 0.0003173 0.0000529 0.0002111 0.0000529 0.0001055 0.0000542 0.0002640 0.0003167 0.0003167 0.0002112 0.0002119 0.0002639 0.0003184 0.0003177 0.0002113 0.0002639 0.0002660 0.0003171 0.0003695 0.0002646 0.0002111 0.0002115 0.0003177 0.0002642 0.0002658 0.0002117 0.0002115 0.0002650 0.0002640 0.0002114 0.0002658 0.0002114 0.0002119 0.0003187 0.0003172 0.0002644 0.0003192 0.0004237 0.0003695 0.0003179 0.0002114 0.0003182 0.0003167 0.0002639 0.0003167 0.0003170 0.0003179 0.0003696 0.0003167 0.0003172 0.0002640 0.0002119 0.0003695 0.0003167 0.0002667 0.0003172 0.0003167 0.0003186 0.0002642 0.0002116 0.0002707 0.0003197 0.0003867 0.0003701 0.0003169 0.0003720 0.0002641 0.0003207 0.0003711 0.0002644 0.0004476 0.0002181 0.0004227 0.0002646 0.0002114 0.0004762 0.0002656 0.0003697 0.0003703 0.0003787 0.0002642 0.0002642 0.0002646 0.0003172 0.0002642 0.0004760 0.0005281 0.0003171 0.0002643 0.0003715 0.0003699 0.0004758 0.0005290 0.0003712 0.0004758 0.0002708 0.0005300 0.0003187 0.0003699 0.0003171 0.0003698 0.0004225 0.0004223 0.0003695 0.0003742 0.0004854 0.0005823 0.0004223 0.0004231 0.0003719 0.0003699 0.0005280 0.0003762 0.0003840 0.0005027 0.0004751 0.0003297 0.0004230 0.0003310 0.0004342 0.0003251 0.0004760 0.0005317 0.0003722 0.0003715 0.0004777 0.0005431 0.0005830 0.0004758 0.0004240 0.0003172 0.0004902 0.0004262 0.0006364 0.0004255 0.0003703 0.0003705 0.0003700 0.0004240 0.0003721 0.0005837 0.0003734 0.0003695 0.0003698 0.0004232 0.0007393 0.0005821 0.0005808 0.0006351 0.0004260 0.0008466 0.0005828 0.0004233 0.0004765 0.0005313 0.0005394 0.0005370 0.0005814 0.0005915 0.0006346 0.0004761 0.0004815 0.0003695 
KR817228_Kailahun_2014-06-14     0.0005279 0.0003780 0.0002671 0.0004267 0.0002671 0.0001585 0.0002642 0.0004230 0.0002644 0.0002117 0.0003171 0.0002111 0.0000000 0.0002648 0.0002111 0.0001583 0.0001586 0.0002111 0.0002118 0.0001057 0.0000010 0.0001058 0.0000530 0.0000529 0.0000529 0.0000528 0.0000529 0.0000530 0.0001587 0.0000529 0.0000529 0.0000529 0.0001057 0.0002111 0.0000010 0.0001057 0.0002645 0.0000010 0.0002645 0.0003167 0.0002712 0.0000528 0.0001055 0.0001055 0.0000010 0.0000010 0.0000528 0.0001061 0.0001059 0.0000010 0.0000528 0.0000532 0.0001057 0.0001583 0.0000529 0.0000010 0.0000010 0.0001059 0.0000528 0.0000532 0.0000010 0.0000010 0.0000530 0.0000528 0.0000010 0.0000532 0.0000010 0.0000010 0.0001062 0.0001057 0.0000529 0.0001064 0.0002118 0.0001584 0.0001059 0.0000010 0.0001060 0.0001055 0.0000528 0.0001056 0.0001057 0.0001060 0.0001584 0.0001056 0.0001057 0.0000528 0.0000010 0.0001583 0.0001055 0.0000533 0.0001057 0.0001055 0.0001062 0.0000528 0.0000010 0.0000541 0.0001065 0.0001657 0.0001586 0.0001056 0.0001594 0.0000528 0.0001069 0.0001590 0.0000529 0.0002237 0.0000010 0.0002113 0.0000529 0.0001057 0.0002645 0.0000531 0.0001584 0.0001587 0.0001623 0.0000528 0.0000528 0.0000529 0.0001057 0.0000528 0.0002644 0.0003168 0.0001057 0.0000529 0.0001592 0.0001585 0.0002643 0.0003174 0.0001590 0.0002643 0.0000541 0.0003179 0.0001062 0.0001585 0.0001057 0.0001585 0.0002112 0.0002111 0.0001584 0.0001604 0.0002696 0.0003705 0.0002111 0.0002115 0.0001593 0.0001585 0.0003167 0.0001612 0.0001646 0.0002792 0.0002639 0.0002198 0.0002115 0.0001103 0.0002171 0.0001083 0.0002644 0.0003190 0.0001595 0.0001592 0.0002654 0.0003258 0.0003709 0.0002643 0.0002120 0.0001057 0.0002723 0.0002131 0.0004242 0.0002127 0.0001587 0.0001588 0.0001585 0.0002120 0.0001594 0.0003714 0.0001600 0.0001583 0.0001584 0.0002116 0.0005280 0.0003704 0.0003695 0.0004233 0.0002130 0.0006349 0.0003708 0.0002116 0.0002647 0.0003187 0.0003236 0.0003221 0.0003700 0.0003764 0.0004230 0.0002645 0.0002675 0.0001583 
KR817229_Kailahun_2014-06-15     0.0007946 0.0005940 0.0004809 0.0006401 0.0004809 0.0004237 0.0005297 0.0006359 0.0004770 0.0004241 0.0005828 0.0000529 0.0002648 0.0000000 0.0000529 0.0004237 0.0004238 0.0004767 0.0000010 0.0003708 0.0002131 0.0003180 0.0002651 0.0002650 0.0002650 0.0003177 0.0002649 0.0002649 0.0003711 0.0003177 0.0002650 0.0002649 0.0003708 0.0000529 0.0002648 0.0003708 0.0000530 0.0002648 0.0001059 0.0001589 0.0000542 0.0003177 0.0003707 0.0003707 0.0002648 0.0002120 0.0003177 0.0003184 0.0003708 0.0002648 0.0003177 0.0002660 0.0003708 0.0004237 0.0002652 0.0002648 0.0002120 0.0003708 0.0003177 0.0002658 0.0002648 0.0002120 0.0002651 0.0003177 0.0002648 0.0002658 0.0002119 0.0002120 0.0003187 0.0003179 0.0003177 0.0003192 0.0004239 0.0004237 0.0003709 0.0002648 0.0003182 0.0003707 0.0003177 0.0003707 0.0003707 0.0003180 0.0004237 0.0003707 0.0003707 0.0003177 0.0002120 0.0004237 0.0003707 0.0002667 0.0003179 0.0003707 0.0003186 0.0003178 0.0002120 0.0002713 0.0003202 0.0003876 0.0003710 0.0003707 0.0003720 0.0003178 0.0003214 0.0003718 0.0002649 0.0004476 0.0002186 0.0004767 0.0002651 0.0002648 0.0004773 0.0003195 0.0004237 0.0003711 0.0003787 0.0003177 0.0003178 0.0002650 0.0003179 0.0003177 0.0004771 0.0005826 0.0003708 0.0003178 0.0003724 0.0004237 0.0004768 0.0005302 0.0003720 0.0004769 0.0002708 0.0005311 0.0003187 0.0004237 0.0003708 0.0004237 0.0004767 0.0004767 0.0004237 0.0003743 0.0004854 0.0005836 0.0004767 0.0004241 0.0003727 0.0004237 0.0005826 0.0003769 0.0004398 0.0005027 0.0005297 0.0003305 0.0004240 0.0003310 0.0004899 0.0003251 0.0004770 0.0005318 0.0003723 0.0003724 0.0004777 0.0005443 0.0005833 0.0004769 0.0004249 0.0003708 0.0004902 0.0004262 0.0006364 0.0004264 0.0003711 0.0003713 0.0004237 0.0004786 0.0003724 0.0005847 0.0003742 0.0004237 0.0004237 0.0004241 0.0007946 0.0005834 0.0006356 0.0006364 0.0004269 0.0008484 0.0005840 0.0004242 0.0004776 0.0005320 0.0005394 0.0005382 0.0006357 0.0005928 0.0006889 0.0005304 0.0004825 0.0004237 
KR817236_Kailahun_2014-06-24     0.0007392 0.0005940 0.0004809 0.0006401 0.0004809 0.0003699 0.0004756 0.0006345 0.0004759 0.0004235 0.0005286 0.0000010 0.0002111 0.0000529 0.0000000 0.0003694 0.0003700 0.0004222 0.0000010 0.0003171 0.0002131 0.0003173 0.0002650 0.0002644 0.0002644 0.0002639 0.0002643 0.0002648 0.0003702 0.0002644 0.0002644 0.0002643 0.0003171 0.0000010 0.0002111 0.0003173 0.0000529 0.0002111 0.0000529 0.0001055 0.0000542 0.0002640 0.0003166 0.0003166 0.0002112 0.0002119 0.0002638 0.0003184 0.0003177 0.0002113 0.0002639 0.0002660 0.0003171 0.0003694 0.0002646 0.0002111 0.0002115 0.0003177 0.0002642 0.0002658 0.0002117 0.0002115 0.0002650 0.0002640 0.0002114 0.0002658 0.0002114 0.0002119 0.0003187 0.0003172 0.0002644 0.0003192 0.0004237 0.0003695 0.0003179 0.0002114 0.0003182 0.0003167 0.0002639 0.0003167 0.0003170 0.0003179 0.0003696 0.0003167 0.0003172 0.0002640 0.0002119 0.0003694 0.0003166 0.0002667 0.0003172 0.0003166 0.0003186 0.0002642 0.0002116 0.0002707 0.0003197 0.0003867 0.0003701 0.0003169 0.0003720 0.0002641 0.0003207 0.0003711 0.0002644 0.0004476 0.0002181 0.0004227 0.0002646 0.0002114 0.0004762 0.0002656 0.0003697 0.0003703 0.0003787 0.0002642 0.0002642 0.0002646 0.0003172 0.0002642 0.0004760 0.0005281 0.0003171 0.0002643 0.0003715 0.0003699 0.0004758 0.0005290 0.0003712 0.0004758 0.0002708 0.0005300 0.0003187 0.0003699 0.0003171 0.0003698 0.0004225 0.0004223 0.0003695 0.0003742 0.0004854 0.0005823 0.0004223 0.0004231 0.0003719 0.0003699 0.0005280 0.0003762 0.0003840 0.0005027 0.0004751 0.0003297 0.0004230 0.0003310 0.0004342 0.0003251 0.0004760 0.0005317 0.0003722 0.0003715 0.0004777 0.0005431 0.0005830 0.0004758 0.0004240 0.0003172 0.0004902 0.0004262 0.0006364 0.0004255 0.0003703 0.0003705 0.0003700 0.0004240 0.0003721 0.0005837 0.0003734 0.0003695 0.0003698 0.0004232 0.0007393 0.0005821 0.0005808 0.0006351 0.0004260 0.0008466 0.0005828 0.0004233 0.0004765 0.0005313 0.0005394 0.0005370 0.0005814 0.0005915 0.0006346 0.0004761 0.0004815 0.0003695 
KR817238_Kailahun_2014-06-26     0.0006864 0.0005400 0.0004275 0.0005868 0.0004274 0.0003170 0.0004227 0.0005816 0.0004230 0.0003705 0.0004757 0.0003695 0.0001583 0.0004237 0.0003694 0.0000000 0.0003172 0.0003695 0.0003707 0.0002642 0.0001599 0.0002644 0.0002120 0.0002115 0.0002115 0.0002111 0.0002114 0.0002118 0.0003173 0.0002115 0.0002115 0.0002114 0.0002642 0.0003695 0.0001583 0.0002644 0.0004232 0.0001583 0.0004232 0.0004750 0.0004339 0.0002112 0.0002639 0.0002639 0.0001584 0.0001589 0.0002111 0.0002653 0.0002647 0.0001584 0.0002111 0.0002128 0.0002643 0.0003167 0.0002117 0.0001584 0.0001587 0.0000529 0.0002113 0.0002127 0.0001588 0.0001587 0.0002120 0.0002112 0.0001585 0.0002127 0.0001586 0.0001589 0.0002656 0.0002643 0.0002115 0.0002660 0.0003707 0.0003167 0.0002649 0.0001585 0.0002651 0.0002639 0.0002111 0.0002639 0.0002642 0.0002649 0.0003168 0.0000528 0.0002643 0.0002112 0.0001589 0.0003167 0.0002639 0.0002134 0.0002643 0.0002639 0.0002655 0.0002114 0.0001587 0.0002165 0.0002664 0.0003314 0.0003173 0.0002641 0.0003189 0.0002112 0.0002672 0.0003181 0.0002115 0.0003916 0.0001635 0.0003698 0.0002116 0.0002642 0.0004233 0.0002125 0.0003169 0.0003174 0.0003246 0.0002113 0.0002114 0.0002117 0.0002643 0.0002113 0.0004231 0.0004753 0.0002642 0.0002114 0.0003185 0.0003170 0.0004229 0.0004761 0.0003181 0.0004230 0.0002166 0.0004769 0.0002656 0.0003170 0.0002643 0.0003170 0.0003697 0.0003695 0.0003167 0.0003208 0.0004315 0.0005294 0.0003695 0.0003702 0.0003187 0.0003171 0.0004752 0.0003225 0.0003292 0.0004468 0.0004223 0.0003847 0.0003701 0.0002758 0.0003799 0.0002709 0.0004231 0.0004785 0.0003190 0.0003185 0.0004246 0.0004888 0.0005300 0.0004230 0.0003710 0.0002643 0.0004357 0.0003729 0.0005833 0.0003723 0.0003174 0.0003176 0.0003171 0.0003710 0.0003189 0.0005306 0.0003201 0.0003167 0.0003169 0.0003703 0.0006865 0.0005292 0.0005280 0.0005821 0.0003727 0.0007937 0.0005298 0.0003704 0.0004236 0.0004781 0.0004855 0.0004833 0.0005286 0.0005377 0.0005817 0.0004232 0.0004280 0.0003167 
KR817244_Kailahun_2014-07-12     0.0004758 0.0003240 0.0003206 0.0003733 0.0003206 0.0002114 0.0002114 0.0004758 0.0002115 0.0002647 0.0002643 0.0003700 0.0001586 0.0004238 0.0003700 0.0003172 0.0000000 0.0002643 0.0003707 0.0002643 0.0001599 0.0001587 0.0001060 0.0001058 0.0001058 0.0001057 0.0001057 0.0001059 0.0002115 0.0002118 0.0002115 0.0001057 0.0002643 0.0003700 0.0001586 0.0002644 0.0004232 0.0001586 0.0004232 0.0004758 0.0004339 0.0001057 0.0001586 0.0001586 0.0001586 0.0001589 0.0001057 0.0001592 0.0000529 0.0001586 0.0001057 0.0001064 0.0002643 0.0002114 0.0001058 0.0001586 0.0001587 0.0002648 0.0002114 0.0001063 0.0001588 0.0001587 0.0001060 0.0002114 0.0001586 0.0001063 0.0001586 0.0001589 0.0001593 0.0002643 0.0001059 0.0001596 0.0002648 0.0002114 0.0001589 0.0001586 0.0001591 0.0001586 0.0002114 0.0000529 0.0001586 0.0001589 0.0000010 0.0002643 0.0000529 0.0001057 0.0001589 0.0002114 0.0000529 0.0001067 0.0000529 0.0001586 0.0000531 0.0001057 0.0001587 0.0001083 0.0000533 0.0001657 0.0001057 0.0000529 0.0001063 0.0001057 0.0001603 0.0002121 0.0001057 0.0002797 0.0001635 0.0001586 0.0001058 0.0001586 0.0003174 0.0000531 0.0002114 0.0003174 0.0002164 0.0001057 0.0001057 0.0001058 0.0001586 0.0001057 0.0002115 0.0002643 0.0000529 0.0001057 0.0002123 0.0002114 0.0002114 0.0003703 0.0002121 0.0002114 0.0001083 0.0002649 0.0001593 0.0002114 0.0000529 0.0002114 0.0002643 0.0002643 0.0002114 0.0002138 0.0003236 0.0004235 0.0002643 0.0002644 0.0002125 0.0001057 0.0002643 0.0001075 0.0002196 0.0004468 0.0004229 0.0002198 0.0001586 0.0000552 0.0001630 0.0001625 0.0002115 0.0002658 0.0002126 0.0002123 0.0002123 0.0002715 0.0003179 0.0002114 0.0001590 0.0001586 0.0002178 0.0002663 0.0003711 0.0001595 0.0002116 0.0002117 0.0002114 0.0002654 0.0002126 0.0003183 0.0001067 0.0002114 0.0002114 0.0001587 0.0006873 0.0003175 0.0003172 0.0003704 0.0001597 0.0005819 0.0004238 0.0002645 0.0002117 0.0002656 0.0003776 0.0002684 0.0003172 0.0003226 0.0003701 0.0003176 0.0002140 0.0001057 
KP184503_Kenema_2014-08-25       0.0006336 0.0004860 0.0003740 0.0005334 0.0003740 0.0000528 0.0003699 0.0004230 0.0003702 0.0003176 0.0004229 0.0004223 0.0002111 0.0004767 0.0004222 0.0003695 0.0002643 0.0000000 0.0004237 0.0003171 0.0002131 0.0002116 0.0001590 0.0001587 0.0001587 0.0001583 0.0001586 0.0001589 0.0002645 0.0002644 0.0002645 0.0001586 0.0003171 0.0004224 0.0002111 0.0003173 0.0004762 0.0002111 0.0004762 0.0005278 0.0004882 0.0001584 0.0002111 0.0002111 0.0002112 0.0002119 0.0001583 0.0002122 0.0002118 0.0002113 0.0001583 0.0001596 0.0003171 0.0002639 0.0001588 0.0002112 0.0002116 0.0003177 0.0002642 0.0001595 0.0002117 0.0002116 0.0001590 0.0002640 0.0002114 0.0001595 0.0002115 0.0002119 0.0002125 0.0003172 0.0001586 0.0002128 0.0003178 0.0002640 0.0002119 0.0002114 0.0002121 0.0002111 0.0002639 0.0002111 0.0002113 0.0002120 0.0002640 0.0003168 0.0002115 0.0001584 0.0002120 0.0002639 0.0002111 0.0001600 0.0002115 0.0001055 0.0002124 0.0001585 0.0002116 0.0001624 0.0002131 0.0002762 0.0002644 0.0002113 0.0002657 0.0001584 0.0002138 0.0002651 0.0001586 0.0003356 0.0002181 0.0003170 0.0001587 0.0002114 0.0003704 0.0001594 0.0002641 0.0003703 0.0002705 0.0001585 0.0001585 0.0001587 0.0002115 0.0001585 0.0003702 0.0004225 0.0002114 0.0001586 0.0000531 0.0001585 0.0003701 0.0003174 0.0001591 0.0003701 0.0001625 0.0004240 0.0002125 0.0001585 0.0002114 0.0002641 0.0001056 0.0001055 0.0002640 0.0001604 0.0002696 0.0003705 0.0003167 0.0003173 0.0001594 0.0002642 0.0004224 0.0002687 0.0002743 0.0005027 0.0004751 0.0003297 0.0003173 0.0002207 0.0003256 0.0001625 0.0003702 0.0004254 0.0001595 0.0001592 0.0003715 0.0004345 0.0004770 0.0003701 0.0003180 0.0002114 0.0001634 0.0001065 0.0005303 0.0003191 0.0000529 0.0000529 0.0000528 0.0001060 0.0000531 0.0004775 0.0002667 0.0000528 0.0000528 0.0003174 0.0007394 0.0004763 0.0004752 0.0005292 0.0003195 0.0007408 0.0004768 0.0003175 0.0003706 0.0004250 0.0004315 0.0004296 0.0004757 0.0004840 0.0005288 0.0003703 0.0003745 0.0002639 
KM034550_Kailahun_2014-05-25     0.0007416 0.0005947 0.0004815 0.0006409 0.0004815 0.0003707 0.0004766 0.0006356 0.0004766 0.0004240 0.0005296 0.0000010 0.0002118 0.0000010 0.0000010 0.0003707 0.0003707 0.0004237 0.0000000 0.0003177 0.0002134 0.0003177 0.0002653 0.0002648 0.0002648 0.0002648 0.0002648 0.0002652 0.0003707 0.0002652 0.0002648 0.0002648 0.0003177 0.0000010 0.0002118 0.0003179 0.0000530 0.0002118 0.0000530 0.0001059 0.0000542 0.0002648 0.0003177 0.0003177 0.0002118 0.0002122 0.0002648 0.0003187 0.0003183 0.0002118 0.0002648 0.0002663 0.0003177 0.0003707 0.0002649 0.0002118 0.0002118 0.0003183 0.0002648 0.0002662 0.0002122 0.0002118 0.0002653 0.0002648 0.0002118 0.0002661 0.0002118 0.0002122 0.0003191 0.0003177 0.0002653 0.0003196 0.0004244 0.0003707 0.0003185 0.0002118 0.0003185 0.0003177 0.0002648 0.0003177 0.0003177 0.0003183 0.0003707 0.0003177 0.0003183 0.0002648 0.0002122 0.0003707 0.0003177 0.0002670 0.0003177 0.0003177 0.0003190 0.0002648 0.0002118 0.0002710 0.0003201 0.0003872 0.0003707 0.0003177 0.0003725 0.0002648 0.0003210 0.0003716 0.0002648 0.0004481 0.0002183 0.0004237 0.0002650 0.0002118 0.0004768 0.0002662 0.0003707 0.0003707 0.0003791 0.0002648 0.0002648 0.0002649 0.0003177 0.0002648 0.0004766 0.0005296 0.0003177 0.0002648 0.0003720 0.0003707 0.0004766 0.0005296 0.0003716 0.0004766 0.0002711 0.0005306 0.0003191 0.0003707 0.0003177 0.0003707 0.0004237 0.0004237 0.0003707 0.0003747 0.0004860 0.0005830 0.0004237 0.0004237 0.0003723 0.0003707 0.0005296 0.0003767 0.0003851 0.0005035 0.0004766 0.0003301 0.0003707 0.0003314 0.0004354 0.0003255 0.0004766 0.0005323 0.0003726 0.0003720 0.0004783 0.0005441 0.0005837 0.0004766 0.0004245 0.0003177 0.0004908 0.0004267 0.0006371 0.0004261 0.0003707 0.0003709 0.0003707 0.0004254 0.0003725 0.0005843 0.0003739 0.0003707 0.0003707 0.0004237 0.0007416 0.0005828 0.0005826 0.0006358 0.0004267 0.0008476 0.0005835 0.0004238 0.0004771 0.0005319 0.0005401 0.0005376 0.0005826 0.0005922 0.0006357 0.0004773 0.0004821 0.0003707 
